100 0.000171386 0.000158401 0.000156833 0.000156591 0.000156566 0.000156677 0.000167586 0.00015644 0.000156436 
500 0.0119187 0.0116679 0.0116588 0.0116524 0.0118277 0.0117433 0.0116529 0.0117225 0.0116488 
1000 0.0833506 0.0839695 0.0848292 0.0884302 0.0885082 0.0864328 0.0848843 0.0848857 0.0833022 
2000 0.62178 0.626638 0.634924 0.631885 0.612462 0.614651 0.608246 0.606897 0.606754 
3000 1.92623 1.92612 1.92999 1.92943 1.92887 1.93078 1.94779 1.9353 1.93086 
4000 4.51206 4.61666 4.42533 4.48281 4.44058 4.68851 4.42389 5.0996 4.88893 
5000 9.50086 8.52103 8.81474 9.05425 8.72409 8.57643 8.59753 8.56768 8.51364 
6000 14.7535 14.6007 14.6698 15.5572 14.8077 15.1243 15.1135 15.1468 14.8872 
7000 22.7387 22.8495 22.7333 22.8486 22.6967 22.7661 22.7608 22.7563 22.6392 
8000 33.6186 33.5757 33.5765 33.5962 33.5804 33.5832 33.58 33.619 33.607 
9000 47.6667 47.694 47.6278 47.6388 47.6194 47.672 47.608 47.7033 47.6289 
10000 68.1132 68.1652 70.0511 65.9511 68.5706 66.4919 67.0166 66.9758 70.3061 
11000 87.3034 91.3514 90.2884 90.2772 90.4519 89.7936 89.2652 88.6502 88.5416 
12000 111.698 113.146 112.525 112.475 111.936 112.101 112.234 112.718 111.83 
13000 149.89 151.633 149.886 143.554 142.084 142.145 142.102 143.046 142.926 
