100 0.0269283 0.0119691 0.0119681 0.011968 0.0109712 0.0119677 0.011966 0.0119644 0.0119586
500 0.0408907 0.0378754 0.0269076 0.0458781 0.0319379 0.0279268 0.0468953 0.0339101 0.0279253
1000 0.0538827 0.0568244 0.0698118 0.053856 0.0508866 0.0488688 0.0568247 0.0598189 0.0548766
2000 0.131838 0.130315 0.120677 0.121744 0.121976 0.120233 0.143904 0.118417 0.12133
3000 0.326319 0.321692 0.32152 0.321869 0.322562 0.349831 0.320241 0.363468 0.322933
4000 0.65463 0.616541 0.664324 0.608369 0.593079 0.590142 0.65945 0.59436 0.643707
5000 1.21842 1.19199 1.20494 1.15124 1.09496 1.21504 1.17565 1.15583 1.21491
6000 1.79234 1.91522 1.89235 1.911 1.87688 1.838 1.91859 1.85687 1.86166
7000 2.6841 2.66999 2.68524 2.69325 2.64345 2.64966 2.67245 2.67148 2.73326
8000 3.67062 3.75735 3.64704 3.76401 3.71303 3.71293 3.70606 3.72929 3.67756
9000 5.0861 5.12766 5.11793 5.0854 5.08741 5.1519 5.19854 5.12897 5.11325
10000 6.66225 6.73114 6.61484 6.70412 6.74069 6.74244 6.60079 6.69973 6.67547
11000 8.60341 8.55535 8.5339 8.54898 8.51512 8.60307 8.61582 8.64903 8.56891
12000 12.0126 12.1834 12.0372 10.9435 12.3284 11.5553 11.3561 11.7404 11.6391
13000 17.1532 16.019 16.8996 15.8996 17.2355 17.519 17.5574 17.6927 17.6008
14000 19.6025 19.4448 20.7326 20.5587 19.539 20.1103 19.8577 20.6341 20.4434
