100 0.0198491 0.0196706 0.0196153 0.0195998 0.0196123 0.0196058 0.0196589 0.0196566 0.0200337 
500 0.0310648 0.0301356 0.0300595 0.0303559 0.0301226 0.0298917 0.0299518 0.03091 0.0298803 
1000 0.0439654 0.0430315 0.0430248 0.0431748 0.0430195 0.0428914 0.0427649 0.0429941 0.0431466 
2000 0.107704 0.103548 0.103769 0.105979 0.103885 0.103584 0.103339 0.103442 0.103813 
3000 0.202368 0.202246 0.202527 0.20197 0.201835 0.202075 0.202979 0.205169 0.203596 
4000 0.355955 0.347723 0.34788 0.345956 0.345415 0.345564 0.345967 0.345424 0.34633 
5000 0.521803 0.52226 0.52194 0.522938 0.523509 0.522822 0.524076 0.523308 0.523365 
6000 0.771703 0.763534 0.763959 0.763032 0.766459 0.761536 0.762176 0.762607 0.761947 
7000 1.0274 1.03526 1.02674 1.02542 1.02563 1.02548 1.02641 1.02896 1.02609 
8000 1.36143 1.35116 1.35174 1.35993 1.35582 1.35194 1.35283 1.35866 1.35194 
9000 1.7161 1.71633 1.71538 1.71587 1.71624 1.71448 1.7147 1.72033 1.71397 
10000 2.14075 2.14253 2.1392 2.14093 2.14215 2.13857 2.14041 2.13981 2.15322 
11000 2.61876 2.60758 2.60205 2.60347 2.6048 2.60534 2.60596 2.60509 2.62572 
12000 3.15687 3.15545 3.16005 3.15618 3.15201 3.15469 3.16151 3.1584 3.15079 
13000 3.73149 3.72865 3.72926 3.73284 3.73394 3.73293 3.73365 3.73478 3.72998 
14000 4.43922 4.45212 4.45197 4.437 4.44331 4.45013 4.42645 4.43743 4.4253 
15000 5.2529 5.25613 5.25316 5.25539 5.29149 5.26167 5.27348 5.27174 5.24252 
16000 5.98845 5.98496 5.98234 5.99102 5.96316 5.96206 5.98464 5.9846 5.98213 
17000 6.97154 6.9825 6.95625 6.97702 6.97688 6.99761 6.98167 6.98089 6.985 
18000 8.46962 8.44056 8.4445 8.44283 8.44148 8.44761 8.45915 8.4534 8.42655 
