100 0.000132381 8.1066e-05 7.9535e-05 7.9021e-05 7.884e-05 7.8577e-05 7.8337e-05 7.8297e-05 7.8355e-05 
500 0.00559091 0.00477014 0.00475828 0.00474457 0.004746 0.00474389 0.0047416 0.00474492 0.00474877 
1000 0.0393436 0.0368538 0.0369002 0.036185 0.03608 0.0360963 0.0361591 0.0359767 0.0360475 
2000 0.304798 0.296995 0.317457 0.296206 0.297161 0.299267 0.30136 0.314377 0.297625
3000 0.959593 0.955511 0.989234 0.993007 0.981896 0.966945 0.977145 0.952161 0.957423 
4000 2.35128 2.22563 2.30692 2.43703 2.29058 2.28862 2.25643 2.29105 2.24652 
5000 4.25501 4.32201 4.35183 4.30369 4.40152 4.23743 4.35139 4.36778 4.26757 
6000 7.20264 7.26178 7.28348 7.21899 7.36127 7.43064 7.3217 7.23398 7.22725 
7000 13.3897 12.17 11.9994 11.7307 11.4759 11.4017 11.5917 11.5617 11.6598 
8000 17.2706 17.0634 17.7973 17.7102 16.8045 16.8476 17.0656 17.9191 17.4291 
9000 26.5898 24.3949 24.8734 24.6802 25.5047 24.3884 25.1561 27.4022 24.2603 
10000 33.9343 33.1461 33.4033 33.6791 33.5475 33.8249 34.1628 34.2963 34.1582 
11000 44.3999 44.4996 44.5737 46.2663 44.6069 44.5253 44.0204 44.3138 43.9746 
12000 57.8111 58.0767 57.5357 57.2402 57.3094 57.5467 58.3614 57.2419 58.522 
13000 74.0806 74.2313 73.9604 73.8783 73.8557 73.966 77.3154 75.349 75.238 
14000 91.6725 92.5466 92.8527 92.6186 91.5339 91.2722 91.3122 91.3957 91.1778 
15000 114.325 114.066 114.037 113.905 114.488 114.804 113.799 114.246 114.692 
16000 137.911 138.752 140.07 138.483 138.519 138.032 139.03 139.647 137.738 
17000 166.982 165.653 163.841 163.403 167.251 166.596 165.258 164.54 166.812 
18000 198.256 205.481 207.765 204.758 213.658 213.246 212.815 213.203 214.039 
