100 0.0080144 0.0060346 0.0049719 0.0051096 0.006039 0.0059851 0.0059834 0.0059846 0.0049913
500 0.0402205 0.0373931 0.0371202 0.0363383 0.0372141 0.0365185 0.0379851 0.0368998 0.0373472
1000 0.105959 0.0984983 0.0977742 0.104806 0.102007 0.101633 0.103107 0.0998474 0.0996186
2000 0.210232 0.171543 0.193439 0.189056 0.19499 0.171789 0.183 0.189509 0.194857
3000 0.365243 0.335315 0.350915 0.341227 0.343875 0.348257 0.309867 0.346411 0.339568
4000 0.562254 0.502814 0.525026 0.540477 0.576648 0.537988 0.493605 0.530138 0.557478
5000 0.793375 0.76658 0.768938 0.702199 0.700693 0.760561 0.750171 0.769284 0.745007
6000 1.11102 0.956464 1.00001 0.956094 0.962665 0.945655 0.991477 1.00129 1.02195
7000 1.38844 1.34484 1.36165 1.33719 1.36683 1.31676 1.31893 1.39433 1.3605
8000 1.7238 1.66982 1.63525 1.71378 1.68259 1.62904 1.67043 1.69029 1.67023
9000  2.47337 2.3072 2.36906 2.3491 2.3756 2.32002 2.36827 2.34143 2.33563
10000 3.08127 2.9999 3.0563 3.03167 2.96026 3.05524 3.07128 3.0795 3.04327
11000 4.11657 3.99103 4.06533 4.07706 3.98037 3.87696 4.02289 4.0529 4.00633
12000 5.7035 5.73343 5.41134 5.18802 5.29377 5.288 6.10142 6.12938 6.08081
13000 7.54515 7.47402 7.41318 7.50416 7.6152 7.17564 7.42172 6.9147 6.66525
14000 9.4988 8.85158 9.01712 9.31233 9.2617 9.21162 9.8997 9.7526 9.7573
15000 11.1468 11.0674 11.1574 11.1086 10.9033 11.2293 11.0475 11.9302 11.7549
