100 0.00600902	0.00496574	0.00481796	0.00536204	0.00512484	0.00481341	0.003791	0.00400643	0.00416228	
500 0.0762827	0.02087	0.0223525	0.0265765	0.0204002	0.0210084	0.0265805	0.0286558	0.0226352	
1000    0.0572806	0.0604012	0.0622966	0.0612417	0.0630888	0.0630274	0.0620898	0.059553	0.0639941	
2000    0.109422	0.112208	0.104315	0.106473	0.106668	0.105695	0.103603	0.102453	0.104083	
3000    0.181499	0.174485	0.176816	0.172459	0.178682	0.175567	0.176514	0.175389	0.176625	
4000    0.266415	0.252345	0.256624	0.253401	0.25203	0.255365	0.255062	0.257939	0.260382	
6000    0.447389	0.425801	0.420715	0.423018	0.427076	0.414565	0.418246	0.420461	0.424452	
8000    0.72083	0.685012	0.68665	0.682525	0.683178	0.67373	0.680963	0.687621	0.684305	
10000   1.12115	1.06613	1.07553	1.0644	1.07991	1.07407	1.05769	1.05674	1.07484	
12000   1.6317	1.55523	1.56584	1.56328	1.58068	1.5877	1.57121	1.5771	1.56237	
14000   2.18381	2.19473	2.17781	2.18765	2.19015	2.1775	2.17053	2.17834	2.18402	
16000   4.27603 4.19095 3.98737 3.66185 3.90467 3.83914 3.61545 4.15969 3.95825