100	0.00106996	0.000941235	0.000930157	0.00092789	0.00092473	0.000920104	0.000951294	0.000926454	0.000915251	
500	0.0082327	0.00670725	0.00664785	0.00663714	0.00664123	0.0066495	0.00662946	0.00660655	0.00661443	
1000	0.0231091	0.01858	0.0185675	0.018574	0.0185604	0.0185581	0.0185782	0.0185243	0.0186006	
2000	0.0624299	0.0610243	0.0611798	0.0613565	0.0612896	0.0612579	0.0612066	0.0618358	0.0616797	
3000	0.123371	0.123378	0.12377	0.123871	0.123799	0.123707	0.123679	0.123625	0.12367	
4000	0.200941	0.198872	0.198536	0.198626	0.198879	0.198771	0.198849	0.199117	0.199367	
6000	0.407619	0.408421	0.407895	0.409178	0.403192	0.402891	0.404276	0.412445	0.409183	
8000	0.692704	0.692975	0.692993	0.691075	0.693105	0.690945	0.692032	0.695868	0.691942	
10000	1.18215	1.17794	1.17461	1.17543	1.17382	1.18372	1.18243	1.17998	1.17384	
12000	1.62119	1.58214	1.58781	1.57723	1.5906	1.60042	1.57888	1.58746	1.58035	
14000	2.13845	2.14131	2.14638	2.138	2.14634	2.14499	2.14435	2.14316	2.14285	
16000	2.87406	2.88515	2.89535	2.88679	2.88995	2.89645	2.89627	2.8843	2.8719