100 0.00161515 0.00148722 0.00144674 0.00146783 0.00150335 0.00148542 0.00151236 0.00149698 0.00148703 
500 0.00867069 0.00746554 0.00745897 0.00740416 0.00741604 0.00738266 0.00742611 0.00739641 0.00741678 
1000 0.019221 0.0167854 0.0170219 0.0167789 0.0168098 0.0166984 0.0170017 0.0168207 0.0171065 
2000 0.0519142 0.0520331 0.0427413 0.0426307 0.0427856 0.0476973 0.0419672 0.0420672 0.0422335 
3000 0.0945305 0.0950693 0.0945985 0.0946091 0.0943157 0.0944069 0.0944476 0.0952264 0.0945541 
4000 0.151174 0.150416 0.14997 0.150217 0.150223 0.150333 0.151909 0.150703 0.151118 
5000 0.222666 0.222195 0.222426 0.222572 0.222263 0.222153 0.223165 0.2224 0.222083 
6000 0.305893 0.305732 0.307749 0.305862 0.305906 0.305654 0.308508 0.306805 0.305624 
7000 0.408307 0.397867 0.398022 0.398691 0.398368 0.398584 0.398658 0.397968 0.397427 
8000 0.517067 0.519412 0.517807 0.515582 0.519364 0.516276 0.515743 0.516267 0.516406 
9000 0.661465 0.66403 0.656516 0.668739 0.65892 0.65928 0.666284 0.655677 0.656744 
10000 0.829561 0.815157 0.823517 0.821992 0.828549 0.827461 0.821112 0.829282 0.825013 
11000 0.952991 0.959755 0.947923 0.960529 0.950811 0.95827 0.953012 0.963872 0.957918 
12000 1.16022 1.16975 1.15938 1.1648 1.15792 1.19979 1.15315 1.16669 1.17906 
13000 1.38925 1.38212 1.392 1.39255 1.40714 1.36601 1.39011 1.38377 1.41509 
14000 1.58637 1.58641 1.56713 1.57683 1.58062 1.57051 1.59127 1.58629 1.58164 
15000 1.95333 1.95373 1.9487 1.97274 1.96465 1.95077 1.96937 1.95058 1.96808 
16000 2.13415 2.14366 2.13921 2.13519 2.13864 2.14296 2.1458 2.14569 2.15106 
17000 2.4167 2.41594 2.41188 2.40656 2.409 2.41786 2.39931 2.40578 2.41646 
18000 2.78716 2.7745 2.78041 2.80276 2.82353 2.78939 2.7901 2.77247 2.80803 
