100 0.000237803 0.000148079 0.000136013 0.000135856 0.000135746 0.000135158 0.000135077 0.000134931 0.000135189 
500 0.0105314 0.00792871 0.00901489 0.00861485 0.00780582 0.00888155 0.00810042 0.00791528 0.00868419 
1000 0.0597262 0.0524611 0.0517688 0.0522155 0.0519684 0.0515902 0.0509739 0.0510201 0.052087 
2000 0.411543 0.397532 0.402874 0.401203 0.39158 0.388933 0.398334 0.39869 0.394134 
3000 1.29383 1.23475 1.25664 1.24404 1.20782 1.21125 1.21309 1.2088 1.21221 
4000 2.77776 2.77968 2.75777 2.74177 2.76058 2.74905 2.79035 2.7541 2.73279 
5000 5.21697 5.11138 5.21253 5.18368 5.21823 5.12063 5.15022 5.14394 5.17401 
6000 8.75008 8.63302 8.65884 8.58259 8.70831 8.96492 8.80226 8.61505 8.6185 
7000 13.6065 13.5218 13.7282 13.7139 13.5689 13.7473 13.4912 13.5866 13.8856 
8000 20.4423 19.978 20.0098 20.0267 20.0525 20.467 20.2635 19.9169 20.1174 
9000 28.6964 28.5823 28.6074 28.733 28.4066 28.2821 28.2277 28.4486 28.2661 
10000 38.8598 38.8072 39.046 39.1092 38.83 39.0182 38.5145 38.0181 37.8674 
11000 50.3848 50.1438 50.092 50.0436 50.3902 50.2932 50.5531 51.5727 52.1956 
12000 69.6304 66.1836 65.9328 65.5674 65.8086 65.6717 65.4927 65.4423 65.2629 
13000 85.9036 88.3688 83.7503 83.3554 83.1287 83.4417 83.9808 84.1011 83.8494 
