100 0.0079825 0.0060823 0.005139 0.0051516 0.0060004 0.005955 0.0049867 0.0049868 0.0050952
500 0.0471051 0.0418761 0.0419041 0.0408846 0.0398996 0.0400325 0.0417579 0.0418587 0.041753
1000 0.170365 0.13715 0.133646 0.133201 0.138666 0.143581 0.132209 0.140695 0.137636
2000 0.358319 0.310999 0.289563 0.27217 0.288907 0.274628 0.274283 0.284034 0.281272
3000 0.651375 0.569026 0.506842 0.557975 0.52952 0.552378 0.515844 0.534892 0.523552
4000 0.978495 0.919995 0.879239 0.928317 0.857943 0.852404 0.852896 0.875965 0.810549
5000 1.45458 1.24894 1.27595 1.2627 1.25725 1.25953 1.2664 1.27298 1.2556
6000 2.04446 1.75604 1.76167 1.79199 1.73248 1.79144 1.76717 1.76406 1.74315
7000 2.64889 2.33209 2.44735 2.42782 2.37832 2.43667 2.42223 2.40501 2.46322
8000 3.36831 3.18759 3.30213 3.15526 3.25059 3.21032 3.10161 3.15021 3.14259
9000 4.64894 4.10453 4.13308 4.13141 4.14187 4.11837 4.12756 4.09088 4.10092
10000 5.55571 5.32459 5.30783 5.31974 5.3229 5.26042 5.44066 5.41728 5.25676
11000 7.13232 6.81677 6.77739 6.83556 6.79603 6.68945 6.75371 6.70233 6.73148
12000 10.3677 9.53328 8.83569 9.48381 9.54012 9.09796 8.81673 9.34235 8.7783
13000 11.7567 12.398 11.3898 12.3796 11.5738 11.098 11.1843 12.2705 11.226
