100 0.00232635 0.00162945 0.00160138 0.00159143 0.0015953 0.0015754 0.00158479 0.00158198 0.00160864 
500 0.0139003 0.0135596 0.0125862 0.01243 0.0123704 0.0127192 0.0123797 0.0123671 0.0132024 
1000 0.043285 0.0349175 0.0344217 0.0349076 0.0368647 0.033252 0.0335984 0.0335984 0.0356337 
2000 0.158956 0.141594 0.137212 0.138571 0.150376 0.138987 0.140823 0.136892 0.136433 
3000 0.371349 0.322661 0.322428 0.325135 0.32174 0.32465 0.323918 0.31942 0.322959 
4000 0.629952 0.586512 0.58928 0.587119 0.585704 0.586044 0.587187 0.595891 0.589571 
5000 1.045 0.94458 0.942132 0.943812 0.948772 0.983882 0.973891 0.976418 0.954586 
6000 1.53259 1.41618 1.4335 1.40557 1.39677 1.43393 1.40738 1.43015 1.41308 
7000 2.03488 1.98781 1.99843 1.93531 1.94221 1.94779 1.95026 1.9413 1.93918 
8000 2.76923 2.60607 2.62274 2.6079 2.61166 2.60404 2.60126 2.60604 2.61424 
9000 3.61892 3.37408 3.44067 3.38182 3.3809 3.37769 3.38511 3.39332 3.39138 
10000 4.44279 4.3684 4.34149 4.29836 4.28201 4.26155 4.29256 4.33723 4.2668 
11000 5.46995 5.2884 5.30276 5.32316 5.28594 5.38022 5.33623 5.2991 5.435 
12000 6.83379 6.47637 6.50042 6.46561 6.43089 6.41737 6.41639 6.41576 6.54461 
13000 7.93427 7.8014 7.80688 7.89317 7.83778 7.8318 7.81697 7.81455 7.98214 
