100 0.00195592 0.00164366 0.00166469 0.00162417 0.00163766 0.00163584 0.00162927 0.001645 0.00163178 
500 0.0131413 0.00974759 0.009678 0.00968125 0.00968749 0.00969355 0.00968132 0.00966376 0.00963928 
1000 0.0384483 0.0296238 0.0289648 0.0288622 0.0287211 0.0289775 0.0290364 0.0286922 0.0288355 
2000 0.139634 0.116244 0.116141 0.116014 0.116253 0.115963 0.115988 0.115856 0.116655 
3000 0.306908 0.254823 0.255438 0.255884 0.254674 0.255065 0.254469 0.255719 0.254716 
4000 0.505791 0.445488 0.455574 0.443491 0.443613 0.443792 0.445569 0.448604 0.4484 
5000 0.779142 0.676899 0.677394 0.677201 0.677057 0.677757 0.677485 0.67682 0.677928 
6000 1.11772 0.972109 0.987651 0.96843 0.96556 0.964781 0.963592 0.963674 0.981867 
7000 1.4004 1.29674 1.29265 1.30176 1.3198 1.30329 1.29263 1.2929 1.29202 
8000 1.81736 1.69398 1.7008 1.73078 1.69212 1.69164 1.6926 1.69248 1.69846 
9000 2.4593 2.15759 2.16453 2.1639 2.17367 2.15341 2.17723 2.16722 2.1562 
10000 2.77012 2.64481 2.66811 2.64918 2.6452 2.65055 2.66817 2.65333 2.64169 
11000 3.33602 3.22129 3.15099 3.17614 3.16608 3.18834 3.15936 3.15844 3.18752 
12000 4.25479 3.83497 3.81698 3.856 3.81389 3.87083 3.80767 3.81874 3.84784 
13000 4.83077 4.6123 4.6487 4.61834 4.59596 4.60329 4.60938 4.6232 4.62848 
14000 5.54937 5.35608 5.3686 5.32136 5.3319 5.33473 5.33397 5.3668 5.35237 
15000 6.58099 6.31393 6.31811 6.36988 6.32714 6.32065 6.31066 6.29475 6.31368 
16000 7.44967 7.19652 7.18154 7.1767 7.21508 7.18221 7.1794 7.19643 7.18465 
17000 8.89188 8.11785 8.09539 8.17348 8.18112 8.10622 8.11258 8.13922 8.15506 
18000 9.64779 9.3017 9.32168 9.31941 9.38551 9.32631 9.33766 9.36331 9.30887 
